00000000000001010000101100110010010000100001000000
00110000001000100000010000000000100000000000001000
01001000001000000100001000101000000100000000000001
00000001000101000011010000000101000000000101000000
00000010001001100100001000000000000100000000000010
10000000000000000000010000000000000000110000101001
10010100011001000000000001010000000000000000000000
00000000110000000100010000000000000000000000000000
10000010000001000000000010000000000100001000000000
01011001100100001100001001000000010010011100100100
00000010000001000001000000000010000111000001000100
00110000000000001000101000000110001000001100001000
00000000100010000000000000010010000001000000000010
00000000000000001000110000000000100100100100010001
01010000100000000000000000010100001100010010000100
00100000011000000000000100111000000001000000100001
01010011000000011000100101001001010001000000000101
00001000000000111011000000001100001100100001000000
00101010000100001001000100010000010000001000000000
00000011000000100011000100100000010000001100110000
00000011110001010000000000001000001000100100001000
00010000000100011000000100100010000000000010000000
00000001001000000010101010000001100000000100000000
00000000100010100001000000000000011000000000100100
01000000000100100001001000100001011000001000010000
00000000000000010101011000010000000001100000101000
01000000001101000000100000100110000001010010000000
00000000000110000100000001011000011000110000000010
00000000000001101001000100000001000000001010000000
10000000000110000100001000001000101100000011000101
10000000100000000100110100000000010100100100000000
01000001100010000000000000000000011101001100000010
00000100000000110101001001010000100100110010010100
00000111000000001000010100010011000000000000000001
10100010011001000000001000000000111000100001000100
00000010101000000000000000101000011000000100000000
10010000000010000000000100010000100000100100000000
00010101100010000000000001010000001011011000000000
10000010000000110000000000100000001100000000000010
10100000100100000111000000000001000001000000000001
00001100010111000000000000001100001010010010100100
00000100010000010000010000001100011001100000100100
10010000010000000000000111100000000000000010001100
00001100010000000000100000100000000000001000011000
10100000100010101000000101000000100100010000000001
10000000000000000000000100001001001000010000000010
10000000000000000000000010010000000100000100000001
00000010011000000010001000010000100110010000000000
00001101100000000000100000010000001001001000000010
00110100000000100010000010000000000000100011010010
10000000000000101100001010110010000101001000000000
00001010000001000000000100000100001000010000000000
00000000001001100001001000000010100001000000000000
10000000000100000000100000000000010010010000001000
00100000000000000000101000000000000000110000001010
00010100000000000000000010000000000001010000000101
00010000100000001100100000001001100000000000000001
10010001000101001000000000000100100000001000100000
00000010001001100001100000000010000100000100001100
00101000000000001001000000000100000100000001000100
00001000000011000000001000010000000110000010010000
00100000000100000100001000001000000111000000100000
01000000000101000110001001000010010000000001010001
01000000000000000001100001010000000000000000101000
00000000000010110000000010100001010100010001010001
10000010010001000000000100000000101000100010100000
00000000000100000000000001000000000101000000000000
00010000000000000000010010000000010101010000000001
01000000000000100000100000100100000000100000100000
00000100000010010010001000000010010000000000000001
00000000000000010001010001100001000000010000000101
01000110000011010000000101000001100000101110000000
01001000010100000000010000000000000100011000000110
10000000000010010000000000100000000010010010000100
00000000101001000100001000000000001010000000000100
00000100010000101001001000100010010000100000000100
01000000001000000100110101000000100000000011000100
00001000001000100000000110000001001000010100001000
01000000000010000000001100000010000000100001000001
00000000100000000000000000000000000100010000100000
00000000001001001001001000010010011100110100000000
01001000000001000100000000000000010100100001000101
10000000000001110100000000000100000011000000000000
01000011000000000000000011000100010101000001000000
00001000010000000000010000010000100000001000100000
01010001100010111001010000000100101000001000001000
00010110000000000000000101100001001100001000100010
00011011000000000000000100100000001000000000000100
01001000010100000000011000001000100000001000010101
00000001000010010000001010000000010000000001000100
00000101000000100000100000011001000000011010000100
00000010000010000001011010001000000010101011000010
00101000000001011010000010000000110010001000001000
01000000010000010000000010010000000100000000000010
00000100000000000000100101001000000000100000001011
00000011000000000000011010000000100110000110010100
11000001010110000010000000101000001010000001001001
01000000000000000000100000000000010000011110100001
00000000011000100100000001000011001000000000000000
10000100001000010000100010010001000000000000000000
00001000011000000101001000000000010000000100101000
00010000000000010000001000010000001000000000100000
00000000101001100000010000000100010000001100001010
10000101000101000000000100001011001000100010001101
10000110100000000000001000101000110000000001001001
00000010000000000001000001001100101000100000010000
00000000001000000000000000000010000000010000100010
00000111000000001000000000000010000001101001111010
00010000001000000100000000000000000000000001000001
01010011000001011011000010100100001010000100000010
00000110010101000000000000010010000100010010000000
00011001010001000010000000100110000110000100000001
00000000100100101000000101001000010000100010010000
00001000000000000101000001101000010100000010000000
00000100000000000000110010000001010010000000000110
00001101101000000001100000000000000000010000000001
00100110101000001000000010000001100000000010000100
01001000100000000001000000100000000000000000000001
00010100101010001000100001000000100000000000000001
00000000100010000010100000000001001000000000000001
10100001110000000001000010000000010000100000000000
00000000000000001100010001000100000000010000000000
10100100001001000001100000000101000000001100000000
00000001000000000011000010011000001000000100001001
01100001101001000100000000000000000000010000100010
00101110010000000000001011000000000000101100000011
00010011100110000010000111001000110000100010000100
00001010001010000000110001000110000000000000000110
00001001001010001000100100000011110010000000100100
01000100000000000000000001010000010001000000100001
01001100001100000000000000001010000000100000000000
00000000000000010100000000000100000101000000000000
00000001100000011000010000000000000000010001000100
00001100100001001000000000100000001001010010000100
00000001000000000101000000000000101100010000110110
00000010100011000000000010011010000000100000011010
00101000000100000000101000000000010001000000001000
00010001000000100000011000000011100010010000000001
00000010000001010000100000000000100001000000000000
00001000000000000000000100100101000000000100000000
00010000000001100110001000000010001000000010100100
00000000100000100010010110000010100010000000100001
00000000000000000000000000010000100011000011110000
10000010000000110001000000000001010111000000011010
10010100000000101101001100100010100001010000000100
01010000100000001000000000001101001000000100000000
00000011000010100010000011000101000100000000010010
11010100000001001000000100000001000000010000011000
01100101000100000110000100000000110010010000001000
00001000000000000100000010000000100100001100100010
00011000010000000000000000001100010000000000000010
00000000011010000100100000000000000001001101000000
00000000010000100100000101000010000001000001000010
00000000000101100000010100010000000110001000000000
00000000010000000001001010000100000100000010000001
10101000000000000011001100000100000110000100001000
00111110000100000000000010000001110000100000000000
11000100000000100000000000000000000000000000001000
01010000001000110101000110001000010010000001000100
00000000000011100000010001000100001011000010100000
00000110110100000011000001110100001000011010001000
00000100010001000000000000000100000000011000100100
11010001000001010011110010000010000000000001001000
01000000010000100000000001000101101001010100001100
11100010000000110100000000110000010011000000010010
00000101000000001000111000001001100000100010100001
00001100100100000000010000000100000101000100010001
00011000000100000110000000001011001000000000001000
01001000000001010000000100001000000000000110001010
00000001010000100000000001010101101000010100000000
00000000000001100000010000001011001000100000100101
10010000001010001000001000001000000000010000011010
00000000100011100101010000000000000010110100000000
10001000001010000000001000100000001011101000001000
00000000000010000000001010000011000100010000000110
01110000000000000000100010110010110000011000000100
00000000101000011100010110001001000110000000100000
00110001010010000010000110000100100000010100011000
01010010101110000000010011100000000000000010000100
10000000000010000100010100000000000001011001010001
11010000111001000000001100000001001001001000000101
00001000000000000000000000000000010000000001010101
00001100010000010010000100000100000010010011000000
10010000100000001010000000000010001010000000100000
00000010000100001000001000000001000000000100011000
00000100010000100100000000110000000010001000001010
00010010000000001000000000100000100000010100010100
00001001000010000000000100000000100000000010000101
00000010000000110001000100000110000000000110000000
00000010010010100000000010000001000000000010010000
01001000001000000000001000011010000000000000000000
00101000101000001000110000001101111000100000101011
00000000000011001001000011001100000000000000000000
00000010000001100000000000000010000100001000100100
00000000000100000000000001100100100000000000000100
11000000000100001101000000000000100101000000000110
00110000000000010000010000011001000110000000100000
00000000110000000100010110100000001000000000100000
00000010000000000000000010000000000010100100110000
00010001000010000000011011100000100000011110000100
