00000010000100010100000000100001000001000000000000
10110000000100100010001000000000100100000000000000
00000001000000000001011000001000000000000000001001
00010010000110000110101000001000010010001000100001
01000010000000001110000101101100000000000000001001
00001001101000000000000110100101000000100000010101
01101000100101100101000000000001011001000000000001
00001000000000000010000000000101010010000000000000
00000000100000100000001000010100100000010001000000
00001000000001100000000010000000000100110010000010
00000100000100101000011000010001101000010000000000
00100101101010001001100000000001000000000000001000
10101000010000011000100001001001000000010100000000
00000100000000000000000000000010001000000000010000
01000000000100000000000000000000000000111000000100
01010010000000100010100001110001000000100000000000
01000000010000001100000000100001010100010011000000
00100101100101000001101100010010100000100000000000
10000010000000001100110100001000110000001000110100
00000010110000001000001010000000010001000100010101
